360 330
240 330
270 330
0 570
30 570
60 570
90 570
330 570
360 570
390 570
600 570
630 570
660 570
690 570
720 570
750 570
780 570
810 570
840 570
870 570
570 450
600 450
630 450
660 450
690 450
780 510
780 540
810 510
810 540
840 510
840 540
870 510
870 540
810 450
810 480
840 450
840 480
870 450
870 480
840 390
840 420
870 390
870 420
870 300
870 330
870 360
720 300
750 300
0 300
0 330
30 300
30 330
60 300
60 330
90 300
90 330
120 300
120 330
150 300
150 330
180 300
180 330
210 300
210 330
300 330
330 330
390 300
390 330
420 300
420 330
450 300
450 330
480 300
480 330
510 300
510 330
540 300
540 330
570 300
570 330
600 300
600 330
630 300
630 330
660 300
660 330
690 300
690 330
0 270
30 270
60 270
90 270
120 270
150 270
0 240
30 240
60 240
90 240
120 240
0 210
30 210
60 210
90 210
0 180
30 180
60 180
0 150
30 150
0 120
150 90
180 90
210 90
210 120
240 120
270 120
300 120
330 120
360 120
570 120
600 120
630 120
660 120
690 120
720 120
750 120
780 120
810 120
840 120
870 120
