0 570
30 570
60 570
90 570
120 570
150 570
180 570
210 570
240 570
270 570
300 570
330 570
360 570
390 570
540 570
570 570
720 570
750 570
780 570
810 570
840 570
870 570
780 510
780 540
810 510
810 540
840 510
840 540
870 510
870 540
810 480
840 480
870 480
840 450
870 450
870 420
0 420
30 420
60 420
90 420
120 420
150 420
180 420
210 420
660 360
690 360
720 360
420 360
450 360
480 360
420 270
420 300
420 330
390 270
0 270
240 210
270 210
390 120
420 120
450 120
480 120
510 120
540 120
570 120
600 120
630 120
660 120
690 120
720 120
750 120
780 120
810 120
840 120
870 120
450 330
150 150
180 150
300 90
330 90
