300 270
330 270
360 270
510 270
540 270
570 270
0 90
30 90
60 90
90 90
120 90
150 90
180 90
210 90
240 90
630 90
660 90
690 90
720 90
750 90
780 90
810 90
840 90
870 90
60 240
240 240
270 240
270 270
600 270
600 240
630 240
810 240
0 390
30 390
60 390
90 390
120 390
150 390
180 390
210 390
240 390
270 390
300 390
330 390
360 390
390 390
420 390
540 390
570 390
600 390
630 390
660 390
780 390
810 390
840 390
870 390
0 510
30 510
270 510
300 510
330 510
360 510
390 510
390 540
390 570
420 570
450 570
480 570
510 570
540 570
570 570
600 570
630 570
660 570
690 570
720 570
750 570
780 510
780 540
780 570
810 510
810 540
810 570
840 510
840 540
840 570
870 510
870 540
870 570
