0 570
30 570
60 570
90 570
120 570
150 570
180 570
210 570
240 570
270 570
300 570
330 570
360 570
390 570
420 570
450 570
480 570
510 570
540 570
570 570
600 570
630 570
660 570
690 570
720 570
750 570
780 570
810 570
840 570
870 570
420 510
420 540
450 510
450 540
480 510
480 540
510 510
510 540
540 510
540 540
570 510
570 540
600 510
600 540
630 510
630 540
660 510
660 540
600 450
600 480
630 450
630 480
660 450
660 480
690 450
690 480
720 450
720 480
750 450
750 480
720 390
720 420
750 390
750 420
780 390
780 420
810 390
810 420
810 330
810 360
840 330
840 360
870 330
870 360
660 270
690 270
720 270
480 300
180 450
210 450
180 420
0 360
30 360
0 300
0 330
90 240
230 180
260 180
390 120
420 120
450 120
480 120
510 120
540 120
570 120
600 120
630 120
660 120
690 120
720 120
750 120
780 120
810 120
840 120
870 120
