90 480
120 480
150 480
180 480
720 480
750 480
780 480
210 570
240 570
270 570
300 570
330 570
360 570
390 570
420 570
450 570
480 570
510 570
540 570
570 570
600 570
630 570
660 570
690 570
210 120
210 150
210 180
210 210
210 240
210 270
210 300
210 330
210 360
210 390
210 420
210 450
210 480
210 510
210 540
690 120
690 150
690 180
690 210
690 240
690 270
690 300
690 330
690 360
690 390
690 420
690 450
690 480
690 510
690 540
450 540
450 420
450 450
450 480
450 300
450 330
450 360
450 180
450 210
450 240
420 150
450 150
480 150
240 450
270 450
300 450
600 450
630 450
660 450
630 330
660 330
240 330
270 330
630 210
660 210
240 210
270 210
270 90
60 90
630 90
810 90
blue 60 390 510 1 260 440
green -60 450 390 1 655 320
yellow 60 390 270 1 260 200
